0.00000000000000000000
0.00000000000000019879
0.00000000000000000000
0.00000000000000000000
0.00000000000000000000
0.00000000000000000000
0.00000000000000013277
0.00000000000000000000
0.00000000000000019943
0.00000000000000000000
0.00000000000000000000
0.00000000000000000000
0.00000000000000000000
0.00000000000000000000
0.00000000000000000000
0.00000000000000021448
0.00000000000000020139
0.00000000000000018986
0.00000000000000053891
0.00000000000000034101
0.00000000000000113613
0.00000000000000123920
0.00000000000000192641
0.00000000000000298347
0.00000000000000354846
0.00000000000000341511
0.00000000000000202609
0.00000000000000342367
0.00000000000001702682
0.00000000000004602937
0.00000000000010413892
0.00000000000021383686
0.00000000000041126412
0.00000000000075728662
0.00000000000134630148
0.00000000000232893170
0.00000000000393574304
0.00000000000651893846
0.00000000001061188607
0.00000000001700881363
0.00000000002688698338
0.00000000004196993112
0.00000000006476911778
0.00000000009891052803
0.00000000014960220828
0.00000000022428079932
0.00000000033351195964
0.00000000049224931201
0.00000000072158664724
0.00000000105120295235
0.00000000152278848300
0.00000000219485539639
0.00000000314951983527
0.00000000450210186915
0.00000000641478671823
0.00000000911612889685
0.00000001292905234756
0.00000001831116082202
0.00000002591299753223
0.00000003666245473326
0.00000005188732088352
0.00000007349341597577
0.00000010422369019335
0.00000014803504086238
0.00000021064597973452
0.00000030033163825020
0.00000042907589390201
0.00000061423759530065
0.00000088095452044946
0.00000126560247843069
0.00000182075837299174
0.00000262229944900620
0.00000377952598613424
0.00000544954796403359
0.00000785766380840509
0.00001132612978626783
0.00001631463737684124
0.00002347707052663092
0.00003374082213949031
0.00004841726522911253
0.00006935510577941119
0.00009915256541421172
0.00014145001414429063
0.00020133227298179033
0.00028587995858089072
0.00040492276665569455
0.00057206555868840074
0.00080608192346261296
0.00113280134743756710
0.00158765760308215490