0.00000000000000000000
0.01745240643728351500
0.03489949670250096900
0.05233595624294382800
0.06975647374412530200
0.08715574274765816600
0.10452846326765347000
0.12186934340514748000
0.13917310096006547000
0.15643446504023087000
0.17364817766693033000
0.19080899537654480000
0.20791169081775931000
0.22495105434386500000
0.24192189559966773000
0.25881904510252068000
0.27563735581699922000
0.29237170472273682000
0.30901699437494756000
0.32556815445715676000
0.34202014332566910000
0.35836794954530071000
0.37460659341591274000
0.39073112848927488000
0.40673664307580160000
0.42261826174070088000
0.43837114678907829000
0.45399049973954519000
0.46947156278588281000
0.48480962024631474000
0.49999999999994788000
0.51503807490994402000
0.52991926423298696000
0.54463903501461464000
0.55919290346999406000
0.57357643634971023000
0.58778525229015977000
0.60181502314812507000
0.61566147531912485000
0.62932039103913340000
0.64278760966925663000
0.65605902896297241000
0.66913060631551924000
0.68199835999504166000
0.69465837035507483000
0.70710678102795699000
0.71933980009874265000
0.73135370125916210000
0.74314482494115075000
0.75470957942941908000
0.76604444195245436000
0.77714595975124778000
0.78801075112486652000
0.79863550645175441000
0.80901698918527598000
0.81915203682149618000
0.82903756183637156000
0.83867055258839229000
0.84804807418095773000
0.85716726927625486000
0.86602535884870058000
0.87461964286060578000
0.88294750083487050000
0.89100639228818057000
0.89879385697181458000
0.90630751484374750000
0.91354506566226701000
0.92050428804375262000
0.92718303775997946000
0.93357924495550015000
0.93969090983270098000
0.94551609616647692000
0.95105292175233591000
0.95629954453439958000
0.96125414266708031000
0.96591488608779585000
0.97027989625307398000
0.97434718943050524000
0.97811459722958305000
0.98157965574396688000
0.98473945156632547000
0.98759040876233806000
0.99012799530924012000
0.99234632006857271000
0.99423758149001762000
0.99579131617846650000
0.99699337822408485000
0.99782455753837229000
0.99825871574363179000
0.99826027936125206000