0.00000000000000000000
0.00000000000000019879
0.00000000000000000000
0.00000000000000000000
0.00000000000000000000
0.00000000000000000000
0.00000000000000013277
0.00000000000000000000
0.00000000000000019943
0.00000000000000000000
0.00000000000000000000
0.00000000000000000000
0.00000000000000000000
0.00000000000000000000
0.00000000000000000000
0.00000000000000021448
0.00000000000000000000
0.00000000000000000000
0.00000000000000017964
0.00000000000000000000
0.00000000000000016230
0.00000000000000000000
0.00000000000000014819
0.00000000000000014207
0.00000000000000000000
0.00000000000000013135
0.00000000000000000000
0.00000000000000000000
0.00000000000000011824
0.00000000000000011450
0.00000000000000000000
0.00000000000000000000
0.00000000000000020951
0.00000000000000020385
0.00000000000000000000
0.00000000000000000000
0.00000000000000000000
0.00000000000000000000
0.00000000000000018033
0.00000000000000035283
0.00000000000000000000
0.00000000000000000000
0.00000000000000016592
0.00000000000000016279
0.00000000000000015982
0.00000000000000000000
0.00000000000000000000
0.00000000000000015180
0.00000000000000014940
0.00000000000000014711
0.00000000000000028986
0.00000000000000014286
0.00000000000000000000
0.00000000000000013901
0.00000000000000013723
0.00000000000000000000
0.00000000000000013392
0.00000000000000026476
0.00000000000000013092
0.00000000000000000000
0.00000000000000012820
0.00000000000000012694
0.00000000000000000000
0.00000000000000012460
0.00000000000000012352
0.00000000000000000000
0.00000000000000012153
0.00000000000000012061
0.00000000000000000000
0.00000000000000000000
0.00000000000000011815
0.00000000000000000000
0.00000000000000000000
0.00000000000000000000
0.00000000000000011550
0.00000000000000022988
0.00000000000000011442
0.00000000000000011394
0.00000000000000022701
0.00000000000000011310
0.00000000000000022547
0.00000000000000000000
0.00000000000000011211
0.00000000000000011186
0.00000000000000011163
0.00000000000000011145
0.00000000000000011129
0.00000000000000011117
0.00000000000000033327
0.00000000000000000000