0.00000000000000000000
0.01745240643728351500
0.03489949670250096900
0.05233595624294382800
0.06975647374412530200
0.08715574274765816600
0.10452846326765347000
0.12186934340514748000
0.13917310096006547000
0.15643446504023087000
0.17364817766693033000
0.19080899537654480000
0.20791169081775931000
0.22495105434386500000
0.24192189559966773000
0.25881904510252068000
0.27563735581699916000
0.29237170472273677000
0.30901699437494745000
0.32556815445715664000
0.34202014332566877000
0.35836794954530027000
0.37460659341591196000
0.39073112848927377000
0.40673664307580015000
0.42261826174069939000
0.43837114678907740000
0.45399049973954675000
0.46947156278589075000
0.48480962024633700000
0.49999999999999994000
0.51503807491005416000
0.52991926423320501000
0.54463903501502697000
0.55919290347074690000
0.57357643635104605000
0.58778525229247314000
0.60181502315204827000
0.61566147532565807000
0.62932039104983761000
0.64278760968653925000
0.65605902899050716000
0.66913060635885813000
0.68199836006249837000
0.69465837045899714000
0.70710678118654746000
0.71933980033865108000
0.73135370161917057000
0.74314482547739424000
0.75470958022277213000
0.76604444311897779000
0.77714596145697090000
0.78801075360672201000
0.79863551004729294000
0.80901699437494734000
0.81915204428899180000
0.82903757255504185000
0.83867056794542416000
0.84804809615642585000
0.85716730070211222000
0.86602540378443849000
0.87461970713939585000
0.88294759285892688000
0.89100652418836768000
0.89879404629916693000
0.90630778703664994000
0.91354545764260076000
0.92050485345244037000
0.92718385456678742000
0.93358042649720174000
0.93969262078590843000
0.94551857559931674000
0.95105651629515353000
0.95630475596303544000
0.96126169593831901000
0.96592582628906809000
0.97029572627599636000
0.97437006478523536000
0.97814760073380580000
0.98162718344766386000
0.98480775301220780000
0.98768834059513777000
0.99026806874157014000
0.99254615164132187000
0.99452189536827340000
0.99619469809174566000
0.99756405025982431000
0.99862953475457372000
0.99939082701909543000
0.99984769515639127000