0.00000000000000000000
0.00000000000000000000
0.00000000000000000000
0.00000000000000000000
0.00000000000000000000
0.00000000000000000000
0.00000000000000000000
0.00000000000000000000
0.00000000000000000000
0.00000000000000000000
0.00000000000000000000
0.00000000000000000000
0.00000000000000000000
0.00000000000000000000
0.00000000000000000000
0.00000000000000000000
0.00000000000000020139
0.00000000000000000000
0.00000000000000035928
0.00000000000000034101
0.00000000000000081152
0.00000000000000123920
0.00000000000000192641
0.00000000000000255726
0.00000000000000341198
0.00000000000000354647
0.00000000000000215272
0.00000000000000330139
0.00000000000001690857
0.00000000000004614387
0.00000000000010424994
0.00000000000021362130
0.00000000000041126412
0.00000000000075708277
0.00000000000134650002
0.00000000000232873814
0.00000000000393536528
0.00000000000651893846
0.00000000001061170574
0.00000000001700899005
0.00000000002688681066
0.00000000004196993112
0.00000000006476895186
0.00000000009891036524
0.00000000014960236810
0.00000000022428064231
0.00000000033351195964
0.00000000049224946382
0.00000000072158664724
0.00000000105120280525
0.00000000152278833807
0.00000000219485539639
0.00000000314951983527
0.00000000450210214718
0.00000000641478630654
0.00000000911612889685
0.00000001292905248148
0.00000001831116095440
0.00000002591299740131
0.00000003666245460374
0.00000005188732062713
0.00000007349341610271
0.00000010422369006761
0.00000014803504073778
0.00000021064597985805
0.00000030033163812770
0.00000042907589378048
0.00000061423759530065
0.00000088095452044946
0.00000126560247866853
0.00000182075837310989
0.00000262229944912362
0.00000377952598601751
0.00000544954796403359
0.00000785766380852059
0.00001132612978638277
0.00001631463737684124
0.00002347707052674486
0.00003374082213949031
0.00004841726522899943
0.00006935510577918572
0.00009915256541443653
0.00014145001414429063
0.00020133227298179033
0.00028587995858089072
0.00040492276665591740
0.00057206555868828950
0.00080608192346250183
0.00113280134743734490
0.00158765760308204390