0.00000000000000000000
0.01745329251994329500
0.03490658503988659100
0.05235987755982988300
0.06981317007977318200
0.08726646259971647400
0.10471975511965977000
0.12217304763960307000
0.13962634015954636000
0.15707963267948966000
0.17453292519943295000
0.19198621771937624000
0.20943951023931953000
0.22689280275926285000
0.24434609527920614000
0.26179938779914941000
0.27925268031909273000
0.29670597283903605000
0.31415926535897931000
0.33161255787892258000
0.34906585039886590000
0.36651914291880922000
0.38397243543875248000
0.40142572795869574000
0.41887902047863906000
0.43633231299858238000
0.45378560551852570000
0.47123889803846897000
0.48869219055841229000
0.50614548307835561000
0.52359877559829882000
0.54105206811824214000
0.55850536063818546000
0.57595865315812877000
0.59341194567807209000
0.61086523819801530000
0.62831853071795862000
0.64577182323790194000
0.66322511575784515000
0.68067840827778847000
0.69813170079773179000
0.71558499331767500000
0.73303828583761843000
0.75049157835756164000
0.76794487087750496000
0.78539816339744828000
0.80285145591739149000
0.82030474843733492000
0.83775804095727813000
0.85521133347722145000
0.87266462599716477000
0.89011791851710798000
0.90757121103705141000
0.92502450355699462000
0.94247779607693793000
0.95993108859688125000
0.97738438111682457000
0.99483767363676778000
1.01229096615671120000
1.02974425867665430000
1.04719755119659760000
1.06465084371654100000
1.08210413623648430000
1.09955742875642760000
1.11701072127637090000
1.13446401379631420000
1.15191730631625750000
1.16937059883620060000
1.18682389135614420000
1.20427718387608730000
1.22173047639603060000
1.23918376891597390000
1.25663706143591720000
1.27409035395586060000
1.29154364647580390000
1.30899693899574720000
1.32645023151569030000
1.34390352403563380000
1.36135681655557690000
1.37881010907552030000
1.39626340159546360000
1.41371669411540690000
1.43116998663535000000
1.44862327915529350000
1.46607657167523690000
1.48352986419518020000
1.50098315671512330000
1.51843644923506660000
1.53588974175500990000
1.55334303427495350000